{"nbformat":4,"nbformat_minor":0,"metadata":{"colab":{"provenance":[],"authorship_tag":"ABX9TyOn97FdAqlylThMCGu2T7yx"},"kernelspec":{"name":"python3","display_name":"Python 3"},"language_info":{"name":"python"}},"cells":[{"cell_type":"markdown","source":["Tutorial 03"],"metadata":{"id":"deJhgK_MX0rH"}},{"cell_type":"markdown","source":["#Part 1-Google Colab and Python\n","##1. Create a new notebook and code the following"],"metadata":{"id":"_rcauo2lZdzF"}},{"cell_type":"code","source":["import numpy as np"],"metadata":{"id":"_lFczdGAYOER","executionInfo":{"status":"ok","timestamp":1761963873775,"user_tz":-480,"elapsed":3,"user":{"displayName":"Shao Ern Ng","userId":"03074294629305238413"}}},"execution_count":1,"outputs":[]},{"cell_type":"markdown","source":["###1. Create a numpy array of size 2 x 2"],"metadata":{"id":"vzewkGOlY3mj"}},{"cell_type":"code","source":["n1 = np.array([[1, 2], [3, 4]])\n","print(n1)"],"metadata":{"colab":{"base_uri":"https://localhost:8080/"},"id":"FZT5FdV9YW_g","executionInfo":{"status":"ok","timestamp":1761963873840,"user_tz":-480,"elapsed":12,"user":{"displayName":"Shao Ern Ng","userId":"03074294629305238413"}},"outputId":"a24bec9a-eb62-4058-ff60-40086a9bacc2"},"execution_count":2,"outputs":[{"output_type":"stream","name":"stdout","text":["[[1 2]\n"," [3 4]]\n"]}]},{"cell_type":"markdown","source":["###2. Create a random numpy array of size 3 x 4"],"metadata":{"id":"SO-o4d-6Y-vc"}},{"cell_type":"code","source":["n2 = np.random.random((3, 4))\n","print(n2)"],"metadata":{"colab":{"base_uri":"https://localhost:8080/"},"id":"w6fBYp18Yfzd","executionInfo":{"status":"ok","timestamp":1761963873864,"user_tz":-480,"elapsed":23,"user":{"displayName":"Shao Ern Ng","userId":"03074294629305238413"}},"outputId":"2134f9d0-8db9-455c-e366-8b1bc8a44801"},"execution_count":3,"outputs":[{"output_type":"stream","name":"stdout","text":["[[0.00279424 0.95895823 0.95557259 0.83537145]\n"," [0.47077926 0.80298952 0.28626847 0.10089428]\n"," [0.04197529 0.3204386  0.86662949 0.00412464]]\n"]}]},{"cell_type":"markdown","source":["###3. Create a numpy array of ones and a numpy array of zeros"],"metadata":{"id":"U0HAxEMnZCXP"}},{"cell_type":"code","source":["n3a = np.ones((2, 2))\n","print(n3a)"],"metadata":{"colab":{"base_uri":"https://localhost:8080/"},"id":"lvd8asuRYjIX","executionInfo":{"status":"ok","timestamp":1761963873870,"user_tz":-480,"elapsed":5,"user":{"displayName":"Shao Ern Ng","userId":"03074294629305238413"}},"outputId":"5e9153da-0a2e-43d7-8527-872a04883137"},"execution_count":4,"outputs":[{"output_type":"stream","name":"stdout","text":["[[1. 1.]\n"," [1. 1.]]\n"]}]},{"cell_type":"code","source":["n3b = np.zeros((2, 2))\n","print(n3b)"],"metadata":{"colab":{"base_uri":"https://localhost:8080/"},"id":"bkPbqSBuYorK","executionInfo":{"status":"ok","timestamp":1761963873878,"user_tz":-480,"elapsed":7,"user":{"displayName":"Shao Ern Ng","userId":"03074294629305238413"}},"outputId":"3874758c-de40-4f23-f07e-b0f3cd52a0f6"},"execution_count":5,"outputs":[{"output_type":"stream","name":"stdout","text":["[[0. 0.]\n"," [0. 0.]]\n"]}]},{"cell_type":"markdown","source":["###4. Create a random numpy array of size 6 x 3 and transpose it"],"metadata":{"id":"vdETrlQlZHYN"}},{"cell_type":"code","source":["n4 = np.random.random((6, 3))\n","print(n4)"],"metadata":{"colab":{"base_uri":"https://localhost:8080/"},"id":"QeQgyLmvY1HV","executionInfo":{"status":"ok","timestamp":1761963873903,"user_tz":-480,"elapsed":15,"user":{"displayName":"Shao Ern Ng","userId":"03074294629305238413"}},"outputId":"a61315d8-12fa-4e30-c21c-3aabc02c4d99"},"execution_count":6,"outputs":[{"output_type":"stream","name":"stdout","text":["[[0.83006205 0.09925961 0.9179502 ]\n"," [0.50352857 0.21976618 0.49053907]\n"," [0.80934067 0.74609721 0.32244506]\n"," [0.23894744 0.56048769 0.92357678]\n"," [0.83893516 0.60851385 0.26057357]\n"," [0.07484181 0.88301278 0.99902799]]\n"]}]},{"cell_type":"code","source":["n4_transpose = n4.T\n","print(n4_transpose)"],"metadata":{"colab":{"base_uri":"https://localhost:8080/"},"id":"bxF-F8jYcgJ2","executionInfo":{"status":"ok","timestamp":1761963873904,"user_tz":-480,"elapsed":10,"user":{"displayName":"Shao Ern Ng","userId":"03074294629305238413"}},"outputId":"69fe69d1-7fe8-4a90-8458-ffcf547ccc5a"},"execution_count":7,"outputs":[{"output_type":"stream","name":"stdout","text":["[[0.83006205 0.50352857 0.80934067 0.23894744 0.83893516 0.07484181]\n"," [0.09925961 0.21976618 0.74609721 0.56048769 0.60851385 0.88301278]\n"," [0.9179502  0.49053907 0.32244506 0.92357678 0.26057357 0.99902799]]\n"]}]},{"cell_type":"markdown","source":["###5. Create two random numpy array of size n x p and p x m and then compute the dot product"],"metadata":{"id":"83t4LSdUZUgE"}},{"cell_type":"code","source":["n = 2\n","p = 3\n","m = 4\n","n5a = np.random.random((n, p))\n","print(\"Array (n x p): \\n\", n5a)\n","n5b = np.random.random((p, m))\n","print(\"Array (p x m): \\n\", n5b)\n","dot_product = np.dot(n5a, n5b)\n","print(\"Dot product: \\n\", dot_product)"],"metadata":{"colab":{"base_uri":"https://localhost:8080/"},"id":"77_w8VsbZTPN","executionInfo":{"status":"ok","timestamp":1761963873910,"user_tz":-480,"elapsed":6,"user":{"displayName":"Shao Ern Ng","userId":"03074294629305238413"}},"outputId":"897c71ed-47d6-4f32-c00d-9c1ca3837690"},"execution_count":8,"outputs":[{"output_type":"stream","name":"stdout","text":["Array (n x p): \n"," [[0.84728183 0.31437959 0.99548947]\n"," [0.23069816 0.51401755 0.17851532]]\n","Array (p x m): \n"," [[0.01300505 0.90460335 0.02611519 0.03422922]\n"," [0.6257761  0.40103893 0.62476891 0.10010914]\n"," [0.06081431 0.61841261 0.1733491  0.28685794]]\n","Dot product: \n"," [[0.26829018 1.50815568 0.39110873 0.34603813]\n"," [0.33551642 0.52522751 0.35811238 0.11056301]]\n"]}]}]}